
Last position-specific scoring matrix computed, weighted observed percentages rounded down, information per position, and relative weight of gapless real matches to pseudocounts
           A  R  N  D  C  Q  E  G  H  I  L  K  M  F  P  S  T  W  Y  V   A   R   N   D   C   Q   E   G   H   I   L   K   M   F   P   S   T   W   Y   V
    1 M   -1 -1 -2 -3 -1  0 -2 -2 -1  1  2 -1  5  0 -2 -1 -1 -1 -1  1    0   0   0   0   0   0   0   0   0   0   0   0   0   0   0   0   0   0   0   0  0.00     0.00
    2 S    1 -1  1  0 -1  0  0  0 -1 -2 -2  0 -1 -2 -1  4  1 -3 -2 -2    0   0   0   0   0   0   0   0   0   0   0   0   0   0   0   0   0   0   0   0  0.00     0.00
    3 S    1 -1  1  0 -1  0  0  0 -1 -2 -2  0 -1 -2 -1  4  1 -3 -2 -2    0   0   0   0   0   0   0   0   0   0   0   0   0   0   0   0   0   0   0   0  0.00     0.00
    4 F   -2 -3 -3 -3 -2 -3 -3 -3 -1  0  0 -3  0  6 -3 -2 -2  1  3 -1    0   0   0   0   0   0   0   0   0   0   0   0   0   0   0   0   0   0   0   0  0.00     0.00
    5 L   -1 -2 -3 -3 -1 -2 -3 -3 -3  1  4 -2  2  0 -3 -2 -1 -2 -1  1    0   0   0   0   0   0   0   0   0   0   0   0   0   0   0   0   0   0   0   0  0.00     0.00
    6 E   -1  0  0  1 -3  2  5 -2  0 -3 -3  1 -2 -3 -1  0 -1 -3 -2 -2    0   0   0   0   0   0   0   0   0   0   0   0   0   0   0   0   0   0   0   0  0.00     0.00
    7 F   -2 -3 -3 -3 -2 -3 -3 -3 -1  0  0 -3  0  6 -3 -2 -2  1  3 -1    0   0   0   0   0   0   0   0   0   0   0   0   0   0   0   0   0   0   0   0  0.00     0.00
    8 A    4 -1 -1 -2  0 -1 -1  0 -2 -1 -1 -1 -1 -2 -1  1  0 -2 -2  0    0   0   0   0   0   0   0   0   0   0   0   0   0   0   0   0   0   0   0   0  0.00     0.00
    9 K   -1  2  0 -1 -3  1  1 -1 -1 -2 -2  4 -1 -3 -1  0 -1 -3 -2 -2    0   0   0   0   0   0   0   0   0   0   0   0   0   0   0   0   0   0   0   0  0.00     0.00
   10 P   -1 -2 -2 -1 -3 -1 -1 -2 -2 -3 -3 -1 -2 -3  7 -1 -1 -3 -3 -2    0   0   0   0   0   0   0   0   0   0   0   0   0   0   0   0   0   0   0   0  0.00     0.00
   11 K   -1  2  0 -1 -3  1  1 -1 -1 -2 -2  4 -1 -3 -1  0 -1 -3 -2 -2    0   0   0   0   0   0   0   0   0   0   0   0   0   0   0   0   0   0   0   0  0.00     0.00
   12 M   -1 -1 -2 -3 -1  0 -2 -3 -2  1  2 -1  5  0 -3 -1 -1 -1 -1  1    0   0   0   0   0   0   0   0   0   0   0   0 100   0   0   0   0   0   0   0  0.33 0.00
   13 L   -1 -2 -3 -4 -1 -2 -3 -4 -3  2  4 -2  2  0 -3 -2 -1 -2 -1  1    0   0   0   0   0   0   0   0   0   0 100   0   0   0   0   0   0   0   0   0  0.45 0.00
   14 D   -2 -2  1  6 -3  0  2 -1 -1 -3 -4 -1 -3 -4 -1  0 -1 -4 -3 -3    0   0   0 100   0   0   0   0   0   0   0   0   0   0   0   0   0   0   0   0  0.92 0.00
   15 I   -1 -3 -3 -3 -1 -3 -3 -4 -3  4  2 -3  1  0 -3 -2 -1 -3 -1  3    0   0   0   0   0   0   0   0   0 100   0   0   0   0   0   0   0   0   0   0  0.38 0.00
   16 K   -1  2  0 -1 -3  1  1 -2 -1 -3 -2  5 -1 -3 -1  0 -1 -3 -2 -2    0   0   0   0   0   0   0   0   0   0   0 100   0   0   0   0   0   0   0   0  0.51 0.00
   17 R   -1  4  0 -1 -3  1  0 -2  0 -3 -2  4 -1 -3 -2  0 -1 -3 -2 -2    0  50   0   0   0   0   0   0   0   0   0  50   0   0   0   0   0   0   0   0  0.55 0.00
   18 K   -1  2  0 -1 -3  1  1 -2 -1 -3 -2  5 -1 -3 -1  0 -1 -3 -2 -2    0   0   0   0   0   0   0   0   0   0   0 100   0   0   0   0   0   0   0   0  0.51 0.00
   19 I   -1 -3 -3 -3 -1 -3 -3 -4 -3  4  2 -3  1  0 -3 -2 -1 -3 -1  3    0   0   0   0   0   0   0   0   0 100   0   0   0   0   0   0   0   0   0   0  0.38 0.00
   20 N   -2  0  6  1 -3  0  0  0  1 -3 -3  0 -2 -3 -2  1  0 -4 -2 -3    0   0 100   0   0   0   0   0   0   0   0   0   0   0   0   0   0   0   0   0  0.72 0.00
   21 F   -2 -3 -3 -4 -2 -3 -3 -3 -1  0  0 -3  0  6 -4 -2 -2  1  3 -1    0   0   0   0   0   0   0   0   0   0   0   0   0 100   0   0   0   0   0   0  0.73 0.00
   22 A    4 -1 -2 -2  0 -1 -1  0 -2 -1 -1 -1 -1 -2 -1  1  0 -3 -2  0  100   0   0   0   0   0   0   0   0   0   0   0   0   0   0   0   0   0   0   0  0.40 0.00
   23 S    1 -1  1  0 -1  0  0  0 -1 -2 -2  0 -1 -2 -1  4  1 -3 -2 -2    0   0   0   0   0   0   0   0   0   0   0   0   0   0   0 100   0   0   0   0  0.45 0.00
   24 G    0 -2  0 -1 -3 -2 -2  6 -2 -4 -4 -2 -3 -3 -2  0 -2 -3 -3 -3    0   0   0   0   0   0   0 100   0   0   0   0   0   0   0   0   0   0   0   0  1.04 0.00
   25 E   -1  0  0  2 -4  2  5 -2  0 -3 -3  1 -2 -3 -1  0 -1 -3 -2 -2    0   0   0   0   0   0 100   0   0   0   0   0   0   0   0   0   0   0   0   0  0.73 0.00
   26 K   -1  2  0 -1 -3  1  1 -2 -1 -3 -2  5 -1 -3 -1  0 -1 -3 -2 -2    0   0   0   0   0   0   0   0   0   0   0 100   0   0   0   0   0   0   0   0  0.51 0.00
   27 T    0 -1  0 -1 -1 -1 -1 -2 -2 -1 -1 -1 -1 -2 -1  1  5 -2 -2  0    0   0   0   0   0   0   0   0   0   0   0   0   0   0   0   0 100   0   0   0  0.46 0.00
   28 D   -2 -2  1  6 -3  0  2 -1 -1 -3 -4 -1 -3 -4 -1  0 -1 -4 -3 -3    0   0   0 100   0   0   0   0   0   0   0   0   0   0   0   0   0   0   0   0  0.92 0.00
   29 E   -1  0  0  2 -4  2  5 -2  0 -3 -3  1 -2 -3 -1  0 -1 -3 -2 -2    0   0   0   0   0   0 100   0   0   0   0   0   0   0   0   0   0   0   0   0  0.73 0.00
   30 S    1 -1  1  0 -1  0  0  0 -1 -2 -2  0 -1 -2 -1  4  1 -3 -2 -2    0   0   0   0   0   0   0   0   0   0   0   0   0   0   0 100   0   0   0   0  0.45 0.00
   31 V    1 -2 -1 -1 -1 -1 -1 -1 -2  1  0 -1  0 -2 -1  2  1 -3 -1  2    0   0   0   0   0   0   0   0   0   0   0   0   0   0   0  50   0   0   0  50  0.18 0.00
   32 Q    0  0  0  0 -2  4  1 -1  0 -3 -2  1 -1 -3 -1  3  1 -2 -2 -2    0   0   0   0   0  50   0   0   0   0   0   0   0   0   0  50   0   0   0   0  0.40 0.00
   33 P    0 -1  0 -1 -2 -1 -1 -1 -1 -3 -3 -1 -2 -3  6  2  0 -3 -2 -2    0   0   0   0   0   0   0   0   0   0   0   0   0   0  50  50   0   0   0   0  0.91 0.00
   34 Q    0  0  0  0 -2  4  1 -1  0 -3 -2  1 -1 -3 -1  3  1 -2 -2 -2    0   0   0   0   0  50   0   0   0   0   0   0   0   0   0  50   0   0   0   0  0.40 0.00
   35 Q    2  0 -1 -1 -1  4  1 -1  0 -2 -2  0 -1 -3 -1  1  0 -2 -2 -1   50   0   0   0   0  50   0   0   0   0   0   0   0   0   0   0   0   0   0   0  0.34 0.00
   36 Q   -1  1  0  0 -3  5  2 -2  0 -3 -2  1  0 -3 -1  0 -1 -2 -1 -2    0   0   0   0   0 100   0   0   0   0   0   0   0   0   0   0   0   0   0   0  0.64 0.00
   37 T    0  0  0 -1 -2  4  1 -2  0 -2 -2  0 -1 -3 -1  1  3 -2 -2 -1    0   0   0   0   0  50   0   0   0   0   0   0   0   0   0   0  50   0   0   0  0.37 0.00
   38 E    0  0  0  1 -2  1  3 -1  0 -3 -3  0 -2 -3 -1  3  0 -3 -2 -2    0   0   0   0   0   0  50   0   0   0   0   0   0   0   0  50   0   0   0   0  0.43 0.00
   39 Q    0  0  0  0 -2  4  1 -1  0 -3 -2  1 -1 -3 -1  3  1 -2 -2 -2    0   0   0   0   0  50   0   0   0   0   0   0   0   0   0  50   0   0   0   0  0.40 0.00
   40 S    0  0  0  1 -2  1  3 -1  0 -3 -3  0 -2 -3 -1  3  0 -3 -2 -2    0   0   0   0   0   0  50   0   0   0   0   0   0   0   0  50   0   0   0   0  0.43 0.00
   41 S    3 -1  0 -1 -1  0  0  0 -1 -2 -2  0 -1 -2 -1  3  1 -3 -2 -1   50   0   0   0   0   0   0   0   0   0   0   0   0   0   0  50   0   0   0   0  0.35 0.00
   42 A    2 -2 -2 -2 -1 -1 -1 -1 -2 -2 -2 -1 -2 -3  6  0 -1 -3 -2 -1   50   0   0   0   0   0   0   0   0   0   0   0   0   0  50   0   0   0   0   0  0.88 0.00
   43 Q   -1  1  0  0 -3  5  2 -2  0 -3 -2  1  0 -3 -1  0 -1 -2 -1 -2    0   0   0   0   0 100   0   0   0   0   0   0   0   0   0   0   0   0   0   0  0.64 0.00
   44 Q   -1  1  0  0 -3  5  2 -2  0 -3 -2  1  0 -3 -1  0 -1 -2 -1 -2    0   0   0   0   0 100   0   0   0   0   0   0   0   0   0   0   0   0   0   0  0.64 0.00
   45 T    0 -1  0 -1 -1 -1 -1 -2 -2 -1 -1 -1 -1 -2 -1  1  5 -2 -2  0    0   0   0   0   0   0   0   0   0   0   0   0   0   0   0   0 100   0   0   0  0.46 0.00
   46 T    0 -1  0 -1 -1 -1 -1 -2 -2 -1 -1 -1 -1 -2 -1  1  5 -2 -2  0    0   0   0   0   0   0   0   0   0   0   0   0   0   0   0   0 100   0   0   0  0.46 0.00
   47 P   -1 -2 -2 -1 -3 -1 -1 -2 -2 -3 -3 -1 -3 -4  7 -1 -1 -4 -3 -2    0   0   0   0   0   0   0   0   0   0   0   0   0   0 100   0   0   0   0   0  2.03 0.00
   48 S    1 -1  0 -1 -1  0  0 -1 -1 -1 -2  0 -1 -2 -1  3  3 -3 -2 -1    0   0   0   0   0   0   0   0   0   0   0   0   0   0   0  50  50   0   0   0  0.38 0.00
   49 A    4 -1 -2 -2  0 -1 -1  0 -2 -1 -1 -1 -1 -2 -1  1  0 -3 -2  0  100   0   0   0   0   0   0   0   0   0   0   0   0   0   0   0   0   0   0   0  0.40 0.00
   50 K   -1  2  0 -1 -3  1  1 -2 -1 -3 -2  5 -1 -3 -1  0 -1 -3 -2 -2    0   0   0   0   0   0   0   0   0   0   0 100   0   0   0   0   0   0   0   0  0.51 0.00
   51 A    4 -1 -2 -2  0 -1 -1  0 -2 -1 -1 -1 -1 -2 -1  1  0 -3 -2  0  100   0   0   0   0   0   0   0   0   0   0   0   0   0   0   0   0   0   0   0  0.40 0.00
   52 V    0 -1 -1 -1 -1 -1 -1 -1 -1  1  0 -1  0 -1 -1 -1  0 -1 -1  2    4   3   2   3   1   2   3   4   1   3   5   3   1   2   3   4   3   1   2  53  0.07 0.00
   53 S    1 -1  0 -1 -1  0  0 -1 -1 -1 -2  0 -1 -2 -1  3  3 -3 -2 -1    0   0   0   0   0   0   0   0   0   0   0   0   0   0   0  50  50   0   0   0  0.38 0.00
   54 N   -2  0  6  1 -3  0  0  0  1 -3 -3  0 -2 -3 -2  1  0 -4 -2 -3    0   0 100   0   0   0   0   0   0   0   0   0   0   0   0   0   0   0   0   0  0.72 0.00
   55 P   -1 -2 -2 -1 -3 -1 -1 -2 -2 -3 -3 -1 -3 -4  7 -1 -1 -4 -3 -2    0   0   0   0   0   0   0   0   0   0   0   0   0   0 100   0   0   0   0   0  2.03 0.00
   56 F   -2 -3 -3 -4 -2 -3 -3 -3 -1  0  0 -3  0  6 -4 -2 -2  1  3 -1    0   0   0   0   0   0   0   0   0   0   0   0   0 100   0   0   0   0   0   0  0.73 0.00
   57 I   -1 -3 -3 -3 -1 -3 -3 -4 -3  4  2 -3  1  0 -3 -2 -1 -3 -1  3    0   0   0   0   0   0   0   0   0 100   0   0   0   0   0   0   0   0   0   0  0.38 0.00
   58 T    0 -1  0 -1 -1 -1 -1 -2 -2 -1 -1 -1 -1 -2 -1  1  5 -2 -2  0    0   0   0   0   0   0   0   0   0   0   0   0   0   0   0   0 100   0   0   0  0.46 0.00
   59 P   -1 -2 -2 -1 -3 -1 -1 -2 -2 -3 -3 -1 -3 -4  7 -1 -1 -4 -3 -2    0   0   0   0   0   0   0   0   0   0   0   0   0   0 100   0   0   0   0   0  2.03 0.00
   60 L   -1 -2 -3 -3 -1 -1 -2 -3 -2  1  3 -2  4  0 -3 -2 -1 -2 -1  1    0   0   0   0   0   0   0   0   0   0  50   0  50   0   0   0   0   0   0   0  0.35 0.00
   61 T    0 -1  0 -1 -1 -1 -1 -2 -2 -1 -1 -1 -1 -2 -1  1  5 -2 -2  0    0   0   0   0   0   0   0   0   0   0   0   0   0   0   0   0 100   0   0   0  0.46 0.00
   62 E   -1  0  0  2 -4  2  5 -2  0 -3 -3  1 -2 -3 -1  0 -1 -3 -2 -2    0   0   0   0   0   0 100   0   0   0   0   0   0   0   0   0   0   0   0   0  0.73 0.00
   63 S    1 -1  0 -1 -2 -1 -1  4 -1 -3 -3 -1 -2 -3 -1  3  0 -3 -2 -2    0   0   0   0   0   0   0  51   0   0   0   0   0   0   0  49   0   0   0   0  0.54 0.00
   64 T    1 -1  0  0 -1  0  2 -1 -1 -1 -2  0 -1 -2 -1  2  3 -3 -2 -1   17   0   0   0   0   0  19   0   0   0   0   0   0   0   0  18  45   0   0   0  0.29 0.00
   65 P   -1 -2 -2 -1 -3  0  1 -2 -2 -3 -3 -1 -2 -4  7 -1 -1 -4 -3 -2    0   0   0   0   0   0  19   0   0   0   0   0   0   0  81   0   0   0   0   0  1.57 0.01
   66 G    0 -2  2 -1 -3 -2 -2  5 -2 -4 -4 -1 -3 -3 -2  0 -1 -3 -3 -3    0   0  14   0   0   0   0  86   0   0   0   0   0   0   0   0   0   0   0   0  0.89 0.01
   67 M   -1 -2 -3 -3 -1 -1 -2 -3 -2  1  3 -2  4  0 -3 -2 -1 -2 -1  1    0   0   0   0   0   0   0   0   0   0  50   0  50   0   0   0   0   0   0   0  0.38 0.01
   68 S    0  0  3  0 -2  3  1 -1  0 -3 -3  0 -1 -3 -1  2  0 -3 -2 -2    0   0  23   0   0  40   0   0   0   0   0   0   0   0   0  37   0   0   0   0  0.39 0.01
   69 E    0 -1  0  1 -3  1  4  1 -1 -3 -3  0 -2 -3 -1  1  0 -3 -2 -2    0   0   0   0   0   0  63  14   0   0   0   0   0   0   0  23   0   0   0   0  0.46 0.01
   70 S    1 -1  1  0 -1  0  0  0 -1 -2 -3  0 -2 -2 -1  4  1 -3 -2 -2    0   0   0   0   0   0   0   0   0   0   0   0   0   0   0 100   0   0   0   0  0.49 0.02
   71 W   -3 -3 -4 -4 -2 -2 -3 -3 -3 -3 -2 -3 -2  1 -4 -3 -3 11  2 -3    0   0   0   0   0   0   0   0   0   0   0   0   0   0   0   0   0 100   0   0  2.44 0.04
   72 V    0 -3 -3 -3 -1 -2 -3 -3 -3  3  1 -2  1 -1 -2 -2  0 -3 -1  4    0   0   0   0   0   0   0   0   0   0   0   0   0   0   0   0   0   0   0 100  0.38 0.02
   73 E   -1  0  0  1 -4  2  5 -2  0 -3 -3  1 -2 -3 -1  0 -1 -3 -2 -3    0   0   0   0   0   0 100   0   0   0   0   0   0   0   0   0   0   0   0   0  0.78 0.02
   74 L   -2 -2 -3 -4 -1 -2 -3 -4 -3  1  4 -3  2  0 -3 -3 -1 -2 -1  1    0   0   0   0   0   0   0   0   0   0 100   0   0   0   0   0   0   0   0   0  0.48 0.01
   75 A    2 -1  0 -1 -2  0  0 -1  6 -2 -2 -1 -1 -2 -2  0 -1 -3  1 -2   37   0   0   0   0   0   0   0  63   0   0   0   0   0   0   0   0   0   0   0  0.50 0.02
   76 P   -1 -3 -3 -3 -2 -2 -2 -3 -2  0  0 -2 -1  4  5 -2 -1 -1  1  1    0   0   0   0   0   0   0   0   0   0   0   0   0  40  37   0   0   0   0  23  0.60 0.01
   77 S    1 -1  0 -1 -1 -1 -1  1 -1 -3 -3 -1 -2 -3  4  3  1 -3 -2 -2    0   0   0   0   0   0   0  14   0   0   0   0   0   0  23  64   0   0   0   0  0.51 0.01
   78 R    0  3  3  0 -2  0  0 -1  0 -3 -3  1 -2 -3 -2  2  0 -3 -2 -2    0  37  27   0   0   0   0   0   0   0   0   0   0   0   0  36   0   0   0   0  0.38 0.01
   79 T    0 -1  3  0 -1  0  0 -1 -1 -2 -2  0 -1 -2 -1  2  3 -2 -2 -1    1   1  27   1   0   1   1   1   0   1   1   1   0   1   1  24  38   0   0   1  0.29 0.01
   80 S    1 -1  0 -1 -1 -1 -1  4 -1 -3 -3 -1 -2 -3 -1  3  0 -3 -2 -2    0   0   0   0   0   0   0  40   0   0   0   0   0   0   0  60   0   0   0   0  0.49 0.01
   81 L   -1 -1  3  0 -2 -1 -1 -1 -1  0  1 -1  0 -1 -2  1  0 -3 -2 -1    0   0  40   0   0   0   0   0   0   0  37   0   0   0   0  23   0   0   0   0  0.20 0.01
   82 C    0 -3 -2 -2  6 -2 -3  3 -3  1 -1 -2 -1 -2 -3 -1 -1 -3 -2  0    0   0   0   0  37   0   0  40   0  23   0   0   0   0   0   0   0   0   0   0  0.48 0.01
   83 S    1 -1  0 -1 -1  0  0  1  4 -3 -3 -1 -2 -2 -1  3  1 -3 -1 -2    0   0   0   0   0   0   0  13  23   0   0   0   0   0   0  65   0   0   0   0  0.36 0.01
   84 S    1 -1  3  0 -1  0  0  0 -1 -3 -3  0 -2 -3 -1  4  1 -3 -2 -2    0   0  23   0   0   0   0   0   0   0   0   0   0   0   0  77   0   0   0   0  0.43 0.01
   85 V    0 -3 -2 -3 -1 -2 -2  2 -3  2  0 -2  0 -1 -2 -1  0 -3 -2  3    0   0   0   0   0   0   0  23   0   0   0   0   0   0   0   0   0   0   0  77  0.25 0.01
   86 D   -2 -2  1  6 -4  0  1 -1 -1 -3 -4 -1 -3 -4 -2  0 -1 -4 -3 -3    0   0   0 100   0   0   0   0   0   0   0   0   0   0   0   0   0   0   0   0  0.98 0.02
   87 I   -1 -2 -3 -3 -1 -1 -2 -3 -2  3  2 -2  5  0 -3 -2 -1 -2 -1  1    0   0   0   0   0   0   0   0   0  37   0   0  63   0   0   0   0   0   0   0  0.33 0.02
   88 N   -1  0  3  1 -3  1  4 -1  0 -3 -3  0 -2 -3 -1  0 -1 -3 -2 -3    0   0  37   0   0   0  63   0   0   0   0   0   0   0   0   0   0   0   0   0  0.58 0.01
   89 M   -1  1 -1 -1 -2  1  0 -2 -1 -1  0  4  3 -2 -2 -1 -1 -2 -2 -1    0   0   0   0   0   0   0   0   0   0   0  63  37   0   0   0   0   0   0   0  0.27 0.02
   90 V   -1 -3 -3 -3 -1 -3 -3 -4 -3  4  1 -3  1  0 -3 -2 -1 -3 -1  3    0   0   0   0   0   0   0   0   0  63   0   0   0   0   0   0   0   0   0  37  0.37 0.01
   91 I   -1 -3 -3 -3 -1 -2 -3 -4 -3  3  3 -3  2  0 -3 -2 -1 -2 -1  2    0   0   0   0   0   0   0   0   0  37  63   0   0   0   0   0   0   0   0   0  0.39 0.01
   92 I   -1 -3 -3 -3 -1 -2 -3 -4 -3  3  3 -3  2  0 -3 -2 -1 -2 -1  2    0   0   0   0   0   0   0   0   0  37  63   0   0   0   0   0   0   0   0   0  0.39 0.01
   93 D   -2 -2  1  6 -4  0  1 -1 -1 -3 -4 -1 -3 -4 -2  0 -1 -4 -3 -3    0   0   0 100   0   0   0   0   0   0   0   0   0   0   0   0   0   0   0   0  0.98 0.02
   94 E    1 -1  0  4 -3  1  3 -1 -1 -3 -3  0 -2 -3 -1  0 -1 -3 -2 -2   23   0   0  40   0   0  37   0   0   0   0   0   0   0   0   0   0   0   0   0  0.48 0.01
   95 K   -1  1  0 -1 -2  2  1 -2 -1 -2 -2  3 -1 -3 -1  1  3 -3 -2 -1    0   0   0   0   0  23   0   0   0   0   0  37   0   0   0   0  40   0   0   0  0.33 0.01
   96 D   -2 -1  4  4 -3  0  1 -1  4 -3 -3 -1 -2 -3 -2  0 -1 -4 -1 -3    0   0  40  37   0   0   0   0  23   0   0   0   0   0   0   0   0   0   0   0  0.56 0.01
   97 K   -1  4  0  0 -3  1  2 -2  0 -3 -2  3 -2 -3 -1  0 -1 -3 -2 -2    0  40   0   0   0   0  23   0   0   0   0  37   0   0   0   0   0   0   0   0  0.50 0.01
   98 D    2 -1  0  3 -1  0  0  0 -1 -2 -2 -1 -2 -3 -1  2  0 -3 -2 -1   40   0   0  37   0   0   0   0   0   0   0   0   0   0   0  23   0   0   0   0  0.35 0.01
   99 S    1 -1  0  0 -1  0  0  2 -1 -2 -2  0 -2 -2 -1  3  1 -2 -2 -2    1   1   1   1   0   1   1  24   0   1   1   1   0   1   1  64   1   0   0   1  0.34 0.01
  100 R   -1  3  0  0 -3  3  3 -2  0 -3 -2  1 -1 -3 -2  0 -1 -3 -2 -2    0  37   0   0   0  23  40   0   0   0   0   0   0   0   0   0   0   0   0   0  0.53 0.01
  101 L    0 -2 -1 -2 -1 -1 -2 -2 -2  1  2 -1  1 -1 -2  1  2 -2 -1  1    0   0   0   0   0   0   0   0   0  14  37   0   0   0   0  23  26   0   0   0  0.17 0.01
  102 S    0 -1  1  4 -2  0  1 -1 -1 -3 -3  0 -2 -3 -1  3  1 -3 -2 -2    0   0   0  40   0   0   0   0   0   0   0   0   0   0   0  60   0   0   0   0  0.47 0.01
  103 P    0 -1  0 -1 -2 -1 -1 -1 -2 -2 -2 -1 -2 -3  5  2  2 -3 -2 -1    0   0   0   0   0   0   0   0   0   0   0   0   0   0  37  37  26   0   0   0  0.68 0.01
  104 V   -1  2 -1 -2 -2  0 -1 -3  5  0 -1  0 -1 -1 -2 -1 -1 -3  0  2    0  23   0   0   0   0   0   0  40   0   0   0   0   0   0   0   0   0   0  37  0.27 0.01
  105 S    1 -1  0 -1 -1  0 -1  2 -1 -3 -3 -1 -2 -3 -1  4  1 -3 -2 -2    0   0   0   0   0   0   0  23   0   0   0   0   0   0   0  77   0   0   0   0  0.44 0.01
  106 I   -1 -2 -2 -2 -1 -2 -2 -3 -2  3  1 -2  1  2 -2  1  0 -2  0  1    0   0   0   0   0   0   0   0   0  50  14   0   0  14   0  23   0   0   0   0  0.17 0.01
  107 A    2 -2 -1 -1 -1 -1 -1  4 -2 -2 -2 -1 -2 -3 -1  2  0 -3 -2 -1   37   0   0   0   0   0   0  40   0   0   0   0   0   0   0  23   0   0   0   0  0.44 0.01
  108 Q   -1  0  0  0 -3  4  3 -2  4 -3 -3  1 -1 -3 -1  0 -1 -2 -1 -3    0   0   0   0   0  37  40   0  23   0   0   0   0   0   0   0   0   0   0   0  0.53 0.01
  109 S    0  0  0 -1  5  0  0 -1 -1 -2 -2  3 -1 -3 -1  2  0 -3 -2 -2    0   0   0   0  23   0   0   0   0   0   0  40   0   0   0  37   0   0   0   0  0.32 0.01
  110 P   -1 -1  4  3 -3 -1  0 -1 -1 -3 -3 -1 -3 -3  5  0 -1 -4 -3 -3    0   0  40  23   0   0   0   0   0   0   0   0   0   0  37   0   0   0   0   0  0.79 0.01
  111 H    0 -1  1 -1 -2  0  0 -1  5 -3 -3  0 -2 -2 -1  3  1 -3  0 -2    0   0   0   0   0   0   0   0  37   0   0   0   0   0   0  63   0   0   0   0  0.42 0.02
  112 V    0 -2 -1 -2 -1 -1 -1 -2 -2  1 -1 -1 -1 -2  4  1  1 -3 -2  2    0   0   0   0   0   0   0   0   0   0   0   0   0   0  23  26  14   0   0  37  0.32 0.01
  113 E    0  0  0  0 -2  3  3 -2  0 -2  0  0 -1 -2 -1  1  0 -2 -2 -2    0   0   0   0   0  26  37   0   0   0  14   0   0   0   0  23   0   0   0   0  0.31 0.01
  114 F    0 -2 -1 -1 -2 -1 -1 -2 -1 -1 -1 -1 -1  4  4  2  0 -1  1 -2    0   0   0   0   0   0   0   0   0   0   0   0   0  37  23  40   0   0   0   0  0.39 0.01
  115 E   -1  0  0  1 -4  3  5 -2  0 -3 -3  1 -2 -3 -1  0 -1 -3 -2 -2    0   0   0   0   0  23  77   0   0   0   0   0   0   0   0   0   0   0   0   0  0.68 0.02
  116 S    0  0  0  1 -2  1  4 -1  0 -3 -3  0 -2 -3 -1  2  0 -3 -2 -2    0   0   0   0   0   0  63   0   0   0   0   0   0   0   0  37   0   0   0   0  0.50 0.01
  117 L   -2 -2  0  5 -3 -1  0 -2 -2 -1  1 -1  0 -1 -2 -1 -1 -3 -2 -1    0   0   0  63   0   0   0   0   0   0  37   0   0   0   0   0   0   0   0   0  0.42 0.01
  118 E   -1 -1  0  2 -3  0  3  2  0 -3 -3  0 -2  0 -2 -1 -1 -1  3 -2    0   0   0  13   0   0  37  23   0   0   0   0   0   0   0   0   0   0  27   0  0.34 0.01
  119 Q   -1  0 -1 -1 -2  4  1 -2  0  1  0  0  2 -2 -2 -1 -1 -2 -1  0    0   0   0   0   0  60   0   0   0  27   0   0  14   0   0   0   0   0   0   0  0.28 0.01
  120 V   -1 -1 -2  0 -2  0  3 -3 -2  2  0 -1  0 -1 -2 -1 -1 -3 -2  2    0   0   0   0   0   0  40   0   0  23   0   0   0   0   0   0   0   0   0  37  0.20 0.01
  121 K   -1  4 -1 -2 -3  1  0 -2 -1 -1 -1  3  2 -2 -2 -1 -1 -3 -2 -1    0  40   0   0   0   0   0   0   0   0   0  37  23   0   0   0   0   0   0   0  0.36 0.01
  122 Y   -2  3 -2 -3 -3  0 -1 -3  0 -2 -1  0 -1  3 -3 -1 -2  1  4 -2    0  40   0   0   0   0   0   0   0   0   0   0   0  23   0   0   0   0  37   0  0.44 0.01
  123 K   -1  3  0  2 -3  1  1 -2 -1 -3 -3  4 -2 -3 -1  0 -1 -3 -2 -3    0  14   0  23   0   0   0   0   0   0   0  63   0   0   0   0   0   0   0   0  0.45 0.01
  124 L   -1 -1 -2  0 -2  0  3 -3 -2  1  2 -1  1 -1 -2 -1 -1 -2 -1  1    0   0   0   0   0   0  40   0   0   0  37   0   0   0   0   0   0   0   0  23  0.19 0.01
  125 V    0 -2 -2 -1 -1 -1  1 -3 -2  2  0 -1  0 -1 -2 -1  0 -3 -1  3    0   0   0   0   0   0  23   0   0   0   0   0   0   0   0   0   0   0   0  77  0.23 0.01
  126 R   -1  4  0  0 -3  1  3 -2  0 -3 -3  3 -2 -3 -1  0 -1 -3 -2 -2    0  37   0   0   0   0  40   0   0   0   0  23   0   0   0   0   0   0   0   0  0.51 0.01
  127 E    0  0  0  1 -2  1  4 -1  0 -3 -3  0 -2 -3 -1  2  0 -3 -2 -2    0   0   0   0   0   0  60   0   0   0   0   0   0   0   0  40   0   0   0   0  0.48 0.01
  128 M   -1 -2 -3 -3 -1 -2 -3 -3 -3  3  2 -2  4  0 -3 -2 -1 -2 -1  2    0   0   0   0   0   0   0   0   0  40   0   0  37   0   0   0   0   0   0  23  0.30 0.01
  129 L   -1 -2 -2 -2 -2 -1  1 -3 -2  1  3 -1  1  0 -2 -2 -1 -2 -1  0    0   0   0   0   0   0  23   0   0   0  77   0   0   0   0   0   0   0   0   0  0.28 0.01
  130 P    1  0 -1 -1 -2  0  0 -1 -1 -2 -2  3 -2 -3  5  0 -1 -3 -2 -2   23   0   0   0   0   0   0   0   0   0   0  40   0   0  37   0   0   0   0   0  0.64 0.01
  131 P   -1 -1 -1 -1 -1 -1 -1 -1 -1  0  1 -1  0 -1  5 -1 -1 -1 -1 -1    3   2   2   2   1   2   3   3   1   2  26   2   1   2  39   3   2   1   1   3  0.48 0.00
  132 G    0  0  0 -1 -2  0  0  3 -1 -2 -2  2 -1 -2 -1  0 -1 -1 -1 -1    3   2   2   2   1   2   3  40   1   2   4  25   1   2   2   3   2   1   1   3  0.24 0.00
  133 K   -1  2  0 -1 -3  1  1 -2 -1 -3 -3  5 -1 -3 -1  0 -1 -3 -2 -2    0   0   0   0   0   0   0   0   0   0   0 100   0   0   0   0   0   0   0   0  0.56 0.02
  134 N   -1 -1  5  1 -2  0  0  0  0 -3 -3  0 -2 -3 -2  2  0 -4 -2 -3    0   0  77   0   0   0   0   0   0   0   0   0   0   0   0  23   0   0   0   0  0.60 0.02
  135 T    2 -1  0 -1 -1 -1 -1 -1 -1 -1 -2 -1 -1 -2 -1  3  3 -3 -2 -1   23   0   0   0   0   0   0   0   0   0   0   0   0   0   0  40  37   0   0   0  0.34 0.01
  136 D   -2 -2  1  6 -4  0  1 -1 -1 -3 -4 -1 -3 -4 -2  0 -1 -4 -3 -3    0   0   0 100   0   0   0   0   0   0   0   0   0   0   0   0   0   0   0   0  0.98 0.02
  137 W   -3 -3 -4 -4 -2 -2 -3 -3 -3 -3 -2 -3 -2  1 -4 -3 -3 11  2 -3    0   0   0   0   0   0   0   0   0   0   0   0   0   0   0   0   0 100   0   0  2.44 0.04
  138 I   -1 -3 -3 -3 -1 -2 -3 -3 -3  3  1 -2  3  0 -3 -2 -1 -2 -1  3    0   0   0   0   0   0   0   0   0  59   0   0  19   0   0   0   0   0   0  23  0.33 0.01
  139 W   -1 -2 -2 -3 -2 -2 -2 -2 -2 -3 -2 -2 -2  0 -3  1 -1 10  2 -3    0   0   0   0   0   0   0   0   0   0   0   0   0   0   0  23   0  77   0   0  1.68 0.03
  140 D   -2 -2  1  6 -4  0  1 -1 -1 -3 -4 -1 -3 -4 -2  0 -1 -4 -3 -3    0   0   0 100   0   0   0   0   0   0   0   0   0   0   0   0   0   0   0   0  0.98 0.02
  141 W   -3 -3 -4 -4 -2 -2 -3 -3 -3 -3 -2 -3 -2  1 -4 -3 -3 11  2 -3    0   0   0   0   0   0   0   0   0   0   0   0   0   0   0   0   0 100   0   0  2.44 0.04
  142 S    1 -1  1  0 -1  0  0  0 -1 -2 -3  0 -2 -2 -1  4  1 -3 -2 -2    0   0   0   0   0   0   0   0   0   0   0   0   0   0   0 100   0   0   0   0  0.49 0.02
  143 S    1 -1  1  0 -1  0  0  0 -1 -2 -3  0 -2 -2 -1  4  1 -3 -2 -2    0   0   0   0   0   0   0   0   0   0   0   0   0   0   0 100   0   0   0   0  0.49 0.02
  144 R   -2  6 -1 -2 -4  1  0 -2  0 -3 -2  2 -1 -3 -2 -1 -1 -3 -2 -3    0 100   0   0   0   0   0   0   0   0   0   0   0   0   0   0   0   0   0   0  0.80 0.02
  145 P   -1 -2 -2 -2 -3 -1 -1 -2 -2 -3 -3 -1 -3 -4  7 -1 -1 -4 -3 -2    0   0   0   0   0   0   0   0   0   0   0   0   0   0 100   0   0   0   0   0  2.08 0.02
  146 E   -1  0  0  1 -4  2  5 -2  0 -3 -3  1 -2 -3 -1  0 -1 -3 -2 -3    0   0   0   0   0   0 100   0   0   0   0   0   0   0   0   0   0   0   0   0  0.78 0.02
  147 N   -2 -1  6  1 -3  0  0 -1  0 -3 -4  0 -2 -3 -2  1  0 -4 -2 -3    0   0 100   0   0   0   0   0   0   0   0   0   0   0   0   0   0   0   0   0  0.78 0.02
  148 T   -1 -2 -2 -2 -1 -2 -2 -3 -3  3  1 -2  0 -1 -2  0  3 -3 -1  2    0   0   0   0   0   0   0   0   0  49   0   0   0   0   0   0  37   0   0  14  0.24 0.01
  149 P   -1 -2 -2 -2 -3 -1 -1 -2 -2 -3 -3 -1 -3 -4  7 -1 -1 -4 -3 -2    0   0   0   0   0   0   0   0   0   0   0   0   0   0 100   0   0   0   0   0  2.08 0.02
  150 P   -1 -2 -2 -2 -3 -1 -1 -2 -2 -3 -3 -1 -3 -4  7 -1 -1 -4 -3 -2    0   0   0   0   0   0   0   0   0   0   0   0   0   0 100   0   0   0   0   0  2.08 0.02
  151 K    1  2  0 -1 -3  1  1 -1 -1 -3 -2  4 -1 -3 -1  0 -1 -3 -2 -2   14   0   0   0   0   0   0   0   0   0   0  86   0   0   0   0   0   0   0   0  0.45 0.02
  152 T    0  0  0  0 -1  1  2 -1 -1 -1 -1  1 -1 -2 -1  1  3 -2 -1 -1    2   1   1   1   1   1  24   2   1   1   2  15   1   1   1   2  39   0   1   2  0.20 0.00
  153 V   -1 -1 -1  0 -2  0  3 -2 -1  1  0  0  0 -1 -1 -1  0 -2 -1  1    2   1   1   1   0   1  42   2   0  20   2   1   1   1   1   2   1   0   1  20  0.15 0.00
  154 R   -1  3 -1 -2 -2  0 -1 -2 -1 -1  0  0 -1  4 -2 -1 -1  0  1 -1    2  38   1   1   0   1   1   2   0   1   2   1   1  41   1   2   1   0   1   1  0.25 0.01
  155 M   -1 -1 -2 -2 -1 -1 -2 -2 -2  1  3 -1  4  0 -2 -1 -1 -1 -1  1    2   1   1   1   0   1   1   2   0   1  42   1  38   1   1   2   1   0   1   1  0.21 0.01
  156 V    0 -1 -1 -1 -1 -1 -1 -1 -1  1  1 -1  1  0 -1 -1  0 -1 -1  2    4   3   2   3   1   2   3   4   1   3  18   3   1   2   3   4   3   1   2  40  0.06 0.00
  157 Q    0  0  0  0 -1  3  1 -1  0 -1 -1  1  0 -1  0  0  0 -1 -1 -1    5   3   3   3   1  40   4   5   1   3   6   4   1   2   3   4   4   1   2   4  0.16 0.00
  158 Y    0  0 -1 -1 -1  0  0 -1  1 -1 -1 -1  0  1  0  0  0  1  4 -1    5   3   3   3   1   3   4   5   1   3   6   4   1   2   3   4   4   1  39   4  0.16 0.00
  159 G    0 -1  0  0 -1  0  0  3 -1 -1 -1  0 -1 -1  0  0  0 -1 -1 -1    5   3   3   3   1   3   4  42   1   3   6   4   1   2   3   4   4   1   2   4  0.21 0.00
  160 S    0 -1  0 -1 -1  0  0 -1 -1 -1 -1 -1 -1  3 -1  2  0  0  1 -1    3   2   2   2   1   2   3   3   1   2   4   2   1  24   2  40   2   1   1   3  0.11 0.00
  161 N   -1  0  4  0 -2  0  0 -1  4 -2 -2  0 -1 -1 -1  0  0 -1  0 -2    3   2  39   2   1   2   3   3  24   2   4   2   1   2   2   3   2   1   1   3  0.25 0.00
  162 L   -2 -3 -3 -4 -2 -3 -3 -3 -2  1  2 -3  1  5 -3 -2 -2  0  2  0    0   0   0   0   0   0   0   0   0   0  37   0   0  63   0   0   0   0   0   0  0.51 0.01
  163 T   -1  3  0 -1 -2  1  0 -2 -1 -2 -2  3 -1 -3 -1  0  2 -3 -2 -1    0  23   0   0   0   0   0   0   0   0   0  40   0   0   0   0  37   0   0   0  0.35 0.01
  164 T   -1 -1  0 -1 -2  0  0 -2  6 -2 -2 -1 -1 -2 -2  0  2 -2  1 -2    0   0   0   0   0   0   0   0  63   0   0   0   0   0   0   0  37   0   0   0  0.53 0.02
  165 P   -1 -2 -2 -2 -3 -1 -1 -2 -2 -3 -3 -1 -3 -4  7 -1 -1 -4 -3 -2    0   0   0   0   0   0   0   0   0   0   0   0   0   0 100   0   0   0   0   0  2.08 0.02
  166 P   -1  1 -1 -1 -3  1  0 -2 -1 -3 -3  4 -2 -3  5  0 -1 -3 -2 -2    0   0   0   0   0   0   0   0   0   0   0  63   0   0  37   0   0   0   0   0  0.75 0.01
  167 N   -2  4  3  0 -3  1  0 -2  0 -3 -3  1 -2 -3 -2  0 -1 -3 -2 -3    0  63  37   0   0   0   0   0   0   0   0   0   0   0   0   0   0   0   0   0  0.56 0.01
  168 S    2 -1  0 -1 -1 -1 -1 -1 -1 -1 -2 -1 -1 -2 -1  3  3 -3 -2 -1   23   0   0   0   0   0   0   0   0   0   0   0   0   0   0  37  40   0   0   0  0.34 0.01
  169 P    3 -2 -2 -2 -1 -1 -1 -1 -2 -2 -2 -1 -2 -3  6  0 -1 -3 -2 -1   49   0   0   0   0   0   0   0   0   0   0   0   0   0  51   0   0   0   0   0  0.91 0.01
  170 E    0 -1  0  0 -2  1  3 -1 -1 -2 -2  0 -1 -3 -1  2  3 -3 -2 -1    0   0   0   0   0   0  37   0   0   0   0   0   0   0   0  23  40   0   0   0  0.36 0.01
  171 P   -1 -2 -3 -3 -2 -2 -2 -3 -3  1  3 -2  1 -1  5 -2 -1 -2 -2  0    0   0   0   0   0   0   0   0   0   0  63   0   0   0  37   0   0   0   0   0  0.62 0.01
  172 E    0 -1  0  0 -2  1  3 -1 -1 -3 -3  0 -2 -3 -1  3  1 -3 -2 -2    0   0   0   0   0   0  37   0   0   0   0   0   0   0   0  63   0   0   0   0  0.42 0.01
  173 L   -1 -2 -2 -3 -2 -1 -2 -3 -2  1  2 -2  6  0 -3 -2 -1 -2 -1  1    0   0   0   0   0   0   0   0   0   0  18   0  82   0   0   0   0   0   0   0  0.39 0.02
  174 Y   -1  4  0 -2 -3  0  0 -2  0 -3 -2  1 -1 -1 -2  1 -1 -1  2 -2    0  63   0   0   0   0   0   0   0   0   0   0   0   0   0  19   0   0  18   0  0.43 0.01
  175 Q   -1  1  4  0 -3  3  1 -1  0 -3 -3  2 -1 -3 -2  0  0 -3 -2 -3    0   0  40   0   0  37   0   0   0   0   0  23   0   0   0   0   0   0   0   0  0.45 0.01
  176 Y    0 -1 -1 -1 -1 -1 -1 -2  0 -1 -1 -1 -1  1 -2  2  3  0  4 -1    0   0   0   0   0   0   0   0   0   0   0   0   0   0   0  23  40   0  37   0  0.33 0.01
  177 L    0 -1 -1 -1 -1 -1 -1  2 -2 -1  1 -1  2 -1 -2  2  0 -2 -2 -1    0   0   0   0   0   0   0  23   0   0  18   0  19   0   0  40   0   0   0   0  0.17 0.01
  178 P    1 -2 -2 -2 -1 -2 -2 -2 -2  1 -1 -1 -1 -2  5 -1  0 -3 -2  2   23   0   0   0   0   0   0   0   0   0   0   0   0   0  37   0   0   0   0  40  0.55 0.01
  179 C   -1 -2 -2 -3  4 -1 -2 -3 -1  0  1 -2  5  1 -3 -1 -1 -1  3  0    0   0   0   0  18   0   0   0   0   0   0   0  63   0   0   0   0   0  19   0  0.32 0.02
  180 E   -1  1  0  0 -3  1  3 -2 -1 -3 -3  4 -2 -3 -1  0 -1 -3 -2 -2    0   0   0   0   0   0  37   0   0   0   0  63   0   0   0   0   0   0   0   0  0.50 0.01
  181 S    0  1  0 -1 -2  1  0 -1 -1 -3 -3  4 -1 -3 -1  2  0 -3 -2 -2    0   0   0   0   0   0   0   0   0   0   0  63   0   0   0  37   0   0   0   0  0.38 0.01
  182 D    0 -2  0  3 -3 -1  0  4 -2 -4 -4 -1 -3 -3 -2  0 -1 -3 -3 -3    0   0   0  37   0   0   0  63   0   0   0   0   0   0   0   0   0   0   0   0  0.72 0.01
  183 S    1 -2  0 -1 -2 -1 -1  5 -2 -3 -3 -1 -2 -3 -2  2  0 -3 -3 -3    0   0   0   0   0   0   0  63   0   0   0   0   0   0   0  37   0   0   0   0  0.64 0.01
  184 L   -1 -3 -3 -3 -1 -3 -3 -4 -3  3  3 -3  1  0 -3 -2 -1 -2 -1  2    0   0   0   0   0   0   0   0   0  63  37   0   0   0   0   0   0   0   0   0  0.38 0.01
  185 F   -2 -3 -3 -4 -2 -3 -3 -3 -1  0  0 -3  0  6 -4 -2 -2  1  3 -1    0   0   0   0   0   0   0   0   0   0   0   0   0 100   0   0   0   0   0   0  0.80 0.02
  186 N    0 -1  4  0 -1  0  0  0  0 -3 -3  0 -2 -3 -1  3  1 -3 -2 -2    0   0  37   0   0   0   0   0   0   0   0   0   0   0   0  63   0   0   0   0  0.44 0.01
  187 V    3 -2 -2 -2 -1 -1 -1 -1 -2  1  0 -1  0 -2 -1  0  0 -3 -2  2   63   0   0   0   0   0   0   0   0   0   0   0   0   0   0   0   0   0   0  37  0.25 0.01
  188 R   -1  3  0  2 -4  1  4 -2  0 -3 -3  1 -2 -3 -2  0 -1 -3 -2 -3    0  37   0  14   0   0  49   0   0   0   0   0   0   0   0   0   0   0   0   0  0.53 0.01
  189 V   -1 -3 -3 -3 -2 -3 -3 -3 -2  1  1 -3  0  5 -3 -2 -1  0  2  2    0   0   0   0   0   0   0   0   0   0   0   0   0  63   0   0   0   0   0  37  0.44 0.01
  190 V   -1 -2 -3 -4 -1 -2 -3 -4 -3  2  3 -2  2  0 -3 -2 -1 -2 -1  2    0   0   0   0   0   0   0   0   0   0  63   0   0   0   0   0   0   0   0  37  0.35 0.01
  191 F   -1  1 -1 -2 -3  0  0 -2 -1 -2 -1  3 -1  4 -2 -1 -1 -1  1 -2    0   0   0   0   0   0   0   0   0   0   0  63   0  37   0   0   0   0   0   0  0.30 0.01
  192 G    0 -2 -2 -2 -1 -2 -2  3 -3  1  0 -2  0 -2 -2 -1 -1 -3 -2  3    0   0   0   0   0   0   0  37   0   0   0   0   0   0   0   0   0   0   0  63  0.28 0.01
  193 F   -2 -3 -3 -4 -2 -3 -3 -3 -1  0  0 -3  0  6 -4 -2 -2  1  3 -1    0   0   0   0   0   0   0   0   0   0   0   0   0 100   0   0   0   0   0   0  0.80 0.02
  194 L   -1 -2 -3 -4 -1 -2 -3 -4 -3  2  4 -3  2  0 -3 -2 -1 -2 -1  1    0   0   0   0   0   0   0   0   0  23  77   0   0   0   0   0   0   0   0   0  0.42 0.01
  195 V   -1 -2 -2 -2 -2 -2 -2 -3 -3  0 -1 -1 -1 -2  6 -1 -1 -3 -2  2    0   0   0   0   0   0   0   0   0   0   0   0   0   0  63   0   0   0   0  37  1.06 0.01
  196 T    1 -1  0 -1 -1  0  0 -1 -1 -2 -2  0 -1 -2 -1  3  3 -3 -2 -1    0   0   0   0   0   0   0   0   0   0   0   0   0   0   0  63  37   0   0   0  0.41 0.01
  197 N   -2 -1  3 -1 -2 -1 -2 -2 -1  0  3 -1  1  0 -3 -1 -1 -2 -1  0    0   0  37   0   0   0   0   0   0   0  63   0   0   0   0   0   0   0   0   0  0.24 0.01
  198 I   -2 -3 -3 -3 -2 -3 -3 -4 -3  3  3 -3  1  3 -3 -2 -1 -1  0  1    0   0   0   0   0   0   0   0   0  37  40   0   0  23   0   0   0   0   0   0  0.33 0.01
  199 F   -2 -2 -3 -4 -2 -3 -3 -4 -2  1  3 -3  1  4 -3 -2 -2  0  1  0    0   0   0   0   0   0   0   0   0   0  63   0   0  37   0   0   0   0   0   0  0.42 0.01
  200 S    1 -1  1  0 -1  0  0  0 -1 -2 -3  0 -2 -2 -1  4  1 -3 -2 -2    0   0   0   0   0   0   0   0   0   0   0   0   0   0   0 100   0   0   0   0  0.49 0.02
  201 F   -2 -1  0 -2 -3 -1 -1 -2  6 -2 -1 -1 -1  4 -3 -1 -2 -1  2 -2    0   0   0   0   0   0   0   0  63   0   0   0   0  37   0   0   0   0   0   0  0.59 0.02
  202 V   -1 -2 -3 -3 -1 -2 -3 -3 -3  2  2 -2  1  0 -3 -2 -1 -2 -1  3    0   0   0   0   0   0   0   0   0   0  40   0   0   0   0   0   0   0   0  60  0.33 0.01
  203 V   -1 -2 -3 -4 -1 -2 -3 -4 -3  2  3 -2  2  0 -3 -2 -1 -2 -1  2    0   0   0   0   0   0   0   0   0   0  63   0   0   0   0   0   0   0   0  37  0.35 0.01
  204 G    3 -2 -1 -2 -1 -1 -1  3 -2 -2 -2 -1 -2 -3 -1  1 -1 -3 -2 -1   63   0   0   0   0   0   0  37   0   0   0   0   0   0   0   0   0   0   0   0  0.46 0.01
  205 A    2 -2 -3 -3 -1 -2 -2 -2 -3  2  2 -2  1 -1 -2 -1 -1 -2 -1  1   37   0   0   0   0   0   0   0   0  40  23   0   0   0   0   0   0   0   0   0  0.19 0.01
  206 A    2 -2 -1 -2 -2 -1 -2  5 -2 -3 -3 -1 -2 -3 -2  0 -1 -3 -3 -2   37   0   0   0   0   0   0  63   0   0   0   0   0   0   0   0   0   0   0   0  0.63 0.01
  207 V   -1 -2 -3 -4 -1 -2 -3 -4 -3  2  3 -2  2  0 -3 -2 -1 -2 -1  2    0   0   0   0   0   0   0   0   0   0  63   0   0   0   0   0   0   0   0  37  0.35 0.01
  208 G    0 -2 -1 -1 -3 -2 -2  6 -2 -4 -4 -2 -3 -3 -2  0 -2 -3 -3 -3    0   0   0   0   0   0   0 100   0   0   0   0   0   0   0   0   0   0   0   0  1.08 0.02
  209 F   -2 -3 -3 -3 -2 -3 -3 -4 -2  3  1 -3  1  4 -3 -2 -1 -1  1  2    0   0   0   0   0   0   0   0   0  63   0   0   0  37   0   0   0   0   0   0  0.37 0.01
  210 A    2 -2 -2 -3 -2 -1 -2 -2  1 -1 -1 -1 -1  2 -2  0 -1  1  6 -1   37   0   0   0   0   0   0   0   0   0   0   0   0   0   0   0   0   0  63   0  0.47 0.02
  211 V   -1 -3 -3 -3 -1 -3 -3 -4 -3  4  1 -3  1  0 -3 -2 -1 -3 -1  3    0   0   0   0   0   0   0   0   0  63   0   0   0   0   0   0   0   0   0  37  0.37 0.01
  212 C    0 -3 -1 -2  6 -2 -3  4 -2 -3 -3 -2 -2 -3 -2 -1 -1 -3 -3 -2    0   0   0   0  37   0   0  63   0   0   0   0   0   0   0   0   0   0   0   0  0.78 0.01
  213 R   -1  5  0 -1 -3  1  0 -2  0 -3 -2  3 -1 -3 -2 -1 -1 -3 -2 -3    0  77   0   0   0   0   0   0   0   0   0  23   0   0   0   0   0   0   0   0  0.67 0.01
  214 K   -1  5  0 -1 -3  1  0 -2  0 -3 -2  3 -1 -3 -2 -1 -1 -3 -2 -2    0  63   0   0   0   0   0   0   0   0   0  37   0   0   0   0   0   0   0   0  0.62 0.01
  215 L   -1 -2 -3 -4 -1 -2 -3 -4 -3  2  4 -3  2  0 -3 -2 -1 -2 -1  1    0   0   0   0   0   0   0   0   0  19  81   0   0   0   0   0   0   0   0   0  0.43 0.01
  216 I   -1 -3 -3 -3 -1 -3 -3 -4 -3  4  2 -3  1  0 -3 -2 -1 -3 -1  3    0   0   0   0   0   0   0   0   0 100   0   0   0   0   0   0   0   0   0   0  0.38 0.00
  217 K   -1  2  0 -1 -3  1  1 -2 -1 -3 -2  5 -1 -3 -1  0 -1 -3 -2 -2    0   0   0   0   0   0   0   0   0   0   0 100   0   0   0   0   0   0   0   0  0.51 0.00
  218 H   -2  0  1 -1 -3  0  0 -2  8 -3 -3 -1 -2 -1 -2 -1 -2 -2  2 -3    0   0   0   0   0   0   0   0 100   0   0   0   0   0   0   0   0   0   0   0  0.84 0.00
  219 H   -2  0  1 -1 -3  0  0 -2  8 -3 -3 -1 -2 -1 -2 -1 -2 -2  2 -3    0   0   0   0   0   0   0   0 100   0   0   0   0   0   0   0   0   0   0   0  0.84 0.00
  220 R   -1  6  0 -2 -3  1  0 -2  0 -3 -2  2 -1 -3 -2 -1 -1 -3 -2 -3    0 100   0   0   0   0   0   0   0   0   0   0   0   0   0   0   0   0   0   0  0.74 0.00
  221 Q   -1  0  0 -1 -3  4  1 -2  6 -3 -2  0 -1 -2 -2  0 -1 -2  1 -3    0   0   0   0   0  50   0   0  50   0   0   0   0   0   0   0   0   0   0   0  0.56 0.00

                      K         Lambda
Standard Ungapped    0.1288     0.3142
Standard Gapped      0.0373     0.2670
PSI Ungapped         0.1252     0.3030
PSI Gapped           0.0373     0.2670
